         t              x              v
  0.000000       0.100000       0.000000
  0.010000       0.099875      -0.024989
  0.020000       0.099500      -0.049914
  0.030000       0.098877      -0.074711
  0.040000       0.098007      -0.099315
  0.050000       0.096892      -0.123664
  0.060000       0.095535      -0.147694
  0.070000       0.093939      -0.171345
  0.080000       0.092109      -0.194556
  0.090000       0.090050      -0.217267
  0.100000       0.087766      -0.239420
  0.110000       0.085263      -0.260959
  0.120000       0.082549      -0.281829
  0.130000       0.079629      -0.301978
  0.140000       0.076512      -0.321354
  0.150000       0.073205      -0.339908
  0.160000       0.069717      -0.357594
  0.170000       0.066056      -0.374368
  0.180000       0.062232      -0.390188
  0.190000       0.058256      -0.405015
  0.200000       0.054136      -0.418812
  0.210000       0.049883      -0.431546
  0.220000       0.045508      -0.443185
  0.230000       0.041023      -0.453702
  0.240000       0.036438      -0.463071
  0.250000       0.031765      -0.471271
  0.260000       0.027017      -0.478282
  0.270000       0.022204      -0.484088
  0.280000       0.017339      -0.488677
  0.290000       0.012434      -0.492038
  0.300000       0.007502      -0.494166
  0.310000       0.002555      -0.495056
  0.320000      -0.002395      -0.494708
  0.330000      -0.007335      -0.493126
  0.340000      -0.012253      -0.490314
  0.350000      -0.017137      -0.486281
  0.360000      -0.021975      -0.481040
  0.370000      -0.026754      -0.474605
  0.380000      -0.031463      -0.466994
  0.390000      -0.036090      -0.458227
  0.400000      -0.040624      -0.448327
  0.410000      -0.045053      -0.437321
  0.420000      -0.049367      -0.425237
  0.430000      -0.053554      -0.412106
  0.440000      -0.057605      -0.397962
  0.450000      -0.061510      -0.382841
  0.460000      -0.065259      -0.366780
  0.470000      -0.068843      -0.349821
  0.480000      -0.072253      -0.332006
  0.490000      -0.075480      -0.313380
  0.500000      -0.078518      -0.293987
  0.510000      -0.081358      -0.273878
  0.520000      -0.083993      -0.253100
  0.530000      -0.086417      -0.231707
  0.540000      -0.088625      -0.209748
  0.550000      -0.090611      -0.187280
  0.560000      -0.092369      -0.164356
  0.570000      -0.093897      -0.141033
  0.580000      -0.095189      -0.117367
  0.590000      -0.096243      -0.093417
  0.600000      -0.097056      -0.069239
  0.610000      -0.097627      -0.044894
  0.620000      -0.097954      -0.020439
  0.630000      -0.098036       0.004064
  0.640000      -0.097873       0.028558
  0.650000      -0.097465       0.052977
  0.660000      -0.096814       0.077261
  0.670000      -0.095920       0.101345
  0.680000      -0.094787       0.125170
  0.690000      -0.093418       0.148672
  0.700000      -0.091815       0.171792
  0.710000      -0.089984       0.194472
  0.720000      -0.087928       0.216652
  0.730000      -0.085652       0.238276
  0.740000      -0.083164       0.259289
  0.750000      -0.080469       0.279639
  0.760000      -0.077574       0.299272
  0.770000      -0.074486       0.318141
  0.780000      -0.071214       0.336196
  0.790000      -0.067765       0.353394
  0.800000      -0.064149       0.369690
  0.810000      -0.060374       0.385045
  0.820000      -0.056451       0.399420
  0.830000      -0.052389       0.412781
  0.840000      -0.048199       0.425093
  0.850000      -0.043891       0.436328
  0.860000      -0.039476       0.446459
  0.870000      -0.034966       0.455461
  0.880000      -0.030371       0.463313
  0.890000      -0.025703       0.469997
  0.900000      -0.020975       0.475497
  0.910000      -0.016197       0.479802
  0.920000      -0.011383       0.482903
  0.930000      -0.006543       0.484792
  0.940000      -0.001691       0.485469
  0.950000       0.003162       0.484931
  0.960000       0.008004       0.483184
  0.970000       0.012822       0.480232
  0.980000       0.017604       0.476084
  0.990000       0.022340       0.470754
  1.000000       0.027016       0.464255
  1.010000       0.031621       0.456606
  1.020000       0.036144       0.447827
  1.030000       0.040574       0.437941
  1.040000       0.044899       0.426974
  1.050000       0.049110       0.414954
  1.060000       0.053195       0.401913
  1.070000       0.057145       0.387884
  1.080000       0.060949       0.372902
  1.090000       0.064600       0.357005
  1.100000       0.068086       0.340233
  1.110000       0.071401       0.322628
  1.120000       0.074536       0.304235
  1.130000       0.077484       0.285098
  1.140000       0.080236       0.265265
  1.150000       0.082787       0.244786
  1.160000       0.085130       0.223709
  1.170000       0.087259       0.202088
  1.180000       0.089170       0.179975
  1.190000       0.090857       0.157424
  1.200000       0.092317       0.134491
  1.210000       0.093546       0.111230
  1.220000       0.094541       0.087699
  1.230000       0.095299       0.063956
  1.240000       0.095819       0.040057
  1.250000       0.096100       0.016061
  1.260000       0.096140      -0.007974
  1.270000       0.095941      -0.031989
  1.280000       0.095501      -0.055921
  1.290000       0.094823      -0.079710
  1.300000       0.093907      -0.103293
  1.310000       0.092758      -0.126611
  1.320000       0.091376      -0.149604
  1.330000       0.089767      -0.172213
  1.340000       0.087934      -0.194379
  1.350000       0.085881      -0.216048
  1.360000       0.083614      -0.237162
  1.370000       0.081140      -0.257668
  1.380000       0.078463      -0.277515
  1.390000       0.075592      -0.296653
  1.400000       0.072533      -0.315032
  1.410000       0.069294      -0.332606
  1.420000       0.065883      -0.349332
  1.430000       0.062310      -0.365168
  1.440000       0.058583      -0.380075
  1.450000       0.054712      -0.394015
  1.460000       0.050706      -0.406954
  1.470000       0.046576      -0.418861
  1.480000       0.042333      -0.429706
  1.490000       0.037986      -0.439465
  1.500000       0.033547      -0.448113
  1.510000       0.029027      -0.455630
  1.520000       0.024438      -0.461998
  1.530000       0.019791      -0.467204
  1.540000       0.015098      -0.471236
  1.550000       0.010370      -0.474085
  1.560000       0.005620      -0.475745
  1.570000       0.000859      -0.476215
  1.580000      -0.003900      -0.475495
  1.590000      -0.008646      -0.473589
  1.600000      -0.013368      -0.470502
  1.610000      -0.018053      -0.466244
  1.620000      -0.022689      -0.460828
  1.630000      -0.027265      -0.454268
  1.640000      -0.031771      -0.446583
  1.650000      -0.036193      -0.437792
  1.660000      -0.040523      -0.427919
  1.670000      -0.044748      -0.416990
  1.680000      -0.048859      -0.405033
  1.690000      -0.052846      -0.392079
  1.700000      -0.056698      -0.378161
  1.710000      -0.060406      -0.363314
  1.720000      -0.063961      -0.347575
  1.730000      -0.067354      -0.330984
  1.740000      -0.070578      -0.313583
  1.750000      -0.073623      -0.295415
  1.760000      -0.076484      -0.276525
  1.770000      -0.079152      -0.256960
  1.780000      -0.081621      -0.236767
  1.790000      -0.083885      -0.215998
  1.800000      -0.085939      -0.194702
  1.810000      -0.087778      -0.172932
  1.820000      -0.089396      -0.150742
  1.830000      -0.090791      -0.128184
  1.840000      -0.091959      -0.105315
  1.850000      -0.092897      -0.082190
  1.860000      -0.093602      -0.058865
  1.870000      -0.094073      -0.035398
  1.880000      -0.094310      -0.011844
  1.890000      -0.094310       0.011738
  1.900000      -0.094075       0.035291
  1.910000      -0.093605       0.058752
  1.920000      -0.092900       0.082063
  1.930000      -0.091964       0.105162
  1.940000      -0.090798       0.127992
  1.950000      -0.089405       0.150493
  1.960000      -0.087790       0.172607
  1.970000      -0.085955       0.194279
  1.980000      -0.083906       0.215453
  1.990000      -0.081648       0.236075
  2.000000      -0.079186       0.256093
  2.010000      -0.076528       0.275455
  2.020000      -0.073679       0.294113
  2.030000      -0.070648       0.312020
  2.040000      -0.067442       0.329130
  2.050000      -0.064068       0.345402
  2.060000      -0.060537       0.360793
  2.070000      -0.056855       0.375267
  2.080000      -0.053034       0.388787
  2.090000      -0.049083       0.401320
  2.100000      -0.045011       0.412836
  2.110000      -0.040830       0.423306
  2.120000      -0.036549       0.432705
  2.130000      -0.032179       0.441011
  2.140000      -0.027732       0.448205
  2.150000      -0.023219       0.454270
  2.160000      -0.018651       0.459192
  2.170000      -0.014039       0.462960
  2.180000      -0.009395       0.465566
  2.190000      -0.004732       0.467006
  2.200000      -0.000059       0.467277
  2.210000       0.004610       0.466381
  2.220000       0.009265       0.464322
  2.230000       0.013893       0.461105
  2.240000       0.018483       0.456741
  2.250000       0.023024       0.451242
  2.260000       0.027504       0.444624
  2.270000       0.031912       0.436904
  2.280000       0.036238       0.428102
  2.290000       0.040471       0.418243
  2.300000       0.044600       0.407351
  2.310000       0.048615       0.395455
  2.320000       0.052506       0.382585
  2.330000       0.056263       0.368774
  2.340000       0.059878       0.354057
  2.350000       0.063341       0.338472
  2.360000       0.066645       0.322056
  2.370000       0.069780       0.304852
  2.380000       0.072739       0.286902
  2.390000       0.075516       0.268251
  2.400000       0.078102       0.248944
  2.410000       0.080493       0.229030
  2.420000       0.082681       0.208557
  2.430000       0.084662       0.187576
  2.440000       0.086431       0.166138
  2.450000       0.087983       0.144295
  2.460000       0.089316       0.122101
  2.470000       0.090424       0.099611
  2.480000       0.091307       0.076878
  2.490000       0.091961       0.053958
  2.500000       0.092386       0.030907
  2.510000       0.092579       0.007781
  2.520000       0.092541      -0.015364
  2.530000       0.092272      -0.038469
  2.540000       0.091772      -0.061476
  2.550000       0.091043      -0.084324
  2.560000       0.090087      -0.106957
  2.570000       0.088905      -0.129314
  2.580000       0.087501      -0.151340
  2.590000       0.085879      -0.172977
  2.600000       0.084043      -0.194172
  2.610000       0.081998      -0.214868
  2.620000       0.079748      -0.235015
  2.630000       0.077299      -0.254560
  2.640000       0.074659      -0.273454
  2.650000       0.071833      -0.291649
  2.660000       0.068828      -0.309100
  2.670000       0.065653      -0.325762
  2.680000       0.062316      -0.341594
  2.690000       0.058824      -0.356557
  2.700000       0.055188      -0.370613
  2.710000       0.051415      -0.383728
  2.720000       0.047516      -0.395869
  2.730000       0.043501      -0.407006
  2.740000       0.039380      -0.417114
  2.750000       0.035162      -0.426167
  2.760000       0.030860      -0.434143
  2.770000       0.026483      -0.441025
  2.780000       0.022043      -0.446797
  2.790000       0.017551      -0.451444
  2.800000       0.013018      -0.454958
  2.810000       0.008456      -0.457330
  2.820000       0.003875      -0.458557
  2.830000      -0.000712      -0.458637
  2.840000      -0.005294      -0.457571
  2.850000      -0.009859      -0.455364
  2.860000      -0.014397      -0.452022
  2.870000      -0.018896      -0.447556
  2.880000      -0.023345      -0.441978
  2.890000      -0.027732      -0.435303
  2.900000      -0.032047      -0.427550
  2.910000      -0.036279      -0.418739
  2.920000      -0.040418      -0.408892
  2.930000      -0.044454      -0.398037
  2.940000      -0.048376      -0.386200
  2.950000      -0.052175      -0.373412
  2.960000      -0.055841      -0.359705
  2.970000      -0.059366      -0.345115
  2.980000      -0.062741      -0.329678
  2.990000      -0.065957      -0.313432
  3.000000      -0.069007      -0.296418
  3.010000      -0.071883      -0.278679
  3.020000      -0.074578      -0.260259
  3.030000      -0.077086      -0.241203
  3.040000      -0.079400      -0.221557
  3.050000      -0.081515      -0.201372
  3.060000      -0.083426      -0.180695
  3.070000      -0.085128      -0.159578
  3.080000      -0.086616      -0.138072
  3.090000      -0.087888      -0.116230
  3.100000      -0.088940      -0.094106
  3.110000      -0.089769      -0.071752
  3.120000      -0.090374      -0.049224
  3.130000      -0.090753      -0.026576
  3.140000      -0.090906      -0.003863
  3.150000      -0.090831       0.018858
  3.160000      -0.090529       0.041531
  3.170000      -0.090000       0.064098
  3.180000      -0.089247       0.086500
  3.190000      -0.088271       0.108680
  3.200000      -0.087074       0.130581
  3.210000      -0.085660       0.152147
  3.220000      -0.084033       0.173324
  3.230000      -0.082195       0.194056
  3.240000      -0.080153       0.214291
  3.250000      -0.077911       0.233978
  3.260000      -0.075476       0.253066
  3.270000      -0.072852       0.271508
  3.280000      -0.070048       0.289256
  3.290000      -0.067070       0.306266
  3.300000      -0.063925       0.322496
  3.310000      -0.060622       0.337904
  3.320000      -0.057170       0.352452
  3.330000      -0.053576       0.366104
  3.340000      -0.049851       0.378827
  3.350000      -0.046003       0.390589
  3.360000      -0.042043       0.401362
  3.370000      -0.037979       0.411119
  3.380000      -0.033824       0.419837
  3.390000      -0.029586       0.427496
  3.400000      -0.025277       0.434076
  3.410000      -0.020908       0.439564
  3.420000      -0.016490       0.443947
  3.430000      -0.012033       0.447215
  3.440000      -0.007549       0.449362
  3.450000      -0.003049       0.450383
  3.460000       0.001455       0.450278
  3.470000       0.005952       0.449049
  3.480000       0.010432       0.446699
  3.490000       0.014883       0.443237
  3.500000       0.019293       0.438672
  3.510000       0.023652       0.433018
  3.520000       0.027950       0.426289
  3.530000       0.032175       0.418504
  3.540000       0.036316       0.409683
  3.550000       0.040365       0.399850
  3.560000       0.044310       0.389030
  3.570000       0.048142       0.377251
  3.580000       0.051852       0.364542
  3.590000       0.055430       0.350937
  3.600000       0.058868       0.336470
  3.610000       0.062157       0.321176
  3.620000       0.065289       0.305095
  3.630000       0.068256       0.288266
  3.640000       0.071052       0.270732
  3.650000       0.073669       0.252535
  3.660000       0.076101       0.233721
  3.670000       0.078341       0.214337
  3.680000       0.080385       0.194429
  3.690000       0.082228       0.174047
  3.700000       0.083865       0.153241
  3.710000       0.085292       0.132061
  3.720000       0.086505       0.110560
  3.730000       0.087502       0.088789
  3.740000       0.088280       0.066803
  3.750000       0.088838       0.044654
  3.760000       0.089173       0.022396
  3.770000       0.089285       0.000084
  3.780000       0.089175      -0.022228
  3.790000       0.088841      -0.044483
  3.800000       0.088285      -0.066624
  3.810000       0.087509      -0.088593
  3.820000       0.086514      -0.110336
  3.830000       0.085303      -0.131795
  3.840000       0.083879      -0.152917
  3.850000       0.082246      -0.173647
  3.860000       0.080408      -0.193932
  3.870000       0.078369      -0.213721
  3.880000       0.076135      -0.232964
  3.890000       0.073712      -0.251610
  3.900000       0.071105      -0.269614
  3.910000       0.068322      -0.286930
  3.920000       0.065369      -0.303514
  3.930000       0.062254      -0.319325
  3.940000       0.058985      -0.334322
  3.950000       0.055571      -0.348470
  3.960000       0.052019      -0.361732
  3.970000       0.048339      -0.374076
  3.980000       0.044541      -0.385472
  3.990000       0.040633      -0.395892
  4.000000       0.036626      -0.405311
  4.010000       0.032530      -0.413705
  4.020000       0.028355      -0.421056
  4.030000       0.024113      -0.427346
  4.040000       0.019812      -0.432560
  4.050000       0.015465      -0.436687
  4.060000       0.011082      -0.439718
  4.070000       0.006674      -0.441646
  4.080000       0.002253      -0.442469
  4.090000      -0.002171      -0.442186
  4.100000      -0.006587      -0.440798
  4.110000      -0.010984      -0.438311
  4.120000      -0.015350      -0.434733
  4.130000      -0.019675      -0.430073
  4.140000      -0.023948      -0.424345
  4.150000      -0.028158      -0.417565
  4.160000      -0.032296      -0.409750
  4.170000      -0.036350      -0.400921
  4.180000      -0.040311      -0.391101
  4.190000      -0.044169      -0.380315
  4.200000      -0.047914      -0.368592
  4.210000      -0.051537      -0.355961
  4.220000      -0.055030      -0.342454
  4.230000      -0.058384      -0.328106
  4.240000      -0.061590      -0.312952
  4.250000      -0.064640      -0.297030
  4.260000      -0.067528      -0.280381
  4.270000      -0.070245      -0.263045
  4.280000      -0.072787      -0.245065
  4.290000      -0.075145      -0.226486
  4.300000      -0.077314      -0.207354
  4.310000      -0.079290      -0.187716
  4.320000      -0.081067      -0.167620
  4.330000      -0.082641      -0.147115
  4.340000      -0.084008      -0.126251
  4.350000      -0.085165      -0.105080
  4.360000      -0.086109      -0.083653
  4.370000      -0.086838      -0.062022
  4.380000      -0.087349      -0.040240
  4.390000      -0.087642      -0.018360
  4.400000      -0.087716       0.003564
  4.410000      -0.087571       0.025479
  4.420000      -0.087207       0.047329
  4.430000      -0.086625       0.069057
  4.440000      -0.085826       0.090609
  4.450000      -0.084813       0.111927
  4.460000      -0.083589       0.132960
  4.470000      -0.082155       0.153651
  4.480000      -0.080517       0.173949
  4.490000      -0.078678       0.193801
  4.500000      -0.076642       0.213158
  4.510000      -0.074416       0.231970
  4.520000      -0.072005       0.250189
  4.530000      -0.069415       0.267770
  4.540000      -0.066652       0.284667
  4.550000      -0.063724       0.300839
  4.560000      -0.060638       0.316244
  4.570000      -0.057402       0.330845
  4.580000      -0.054024       0.344605
  4.590000      -0.050512       0.357490
  4.600000      -0.046877       0.369468
  4.610000      -0.043126       0.380509
  4.620000      -0.039270       0.390588
  4.630000      -0.035318       0.399679
  4.640000      -0.031280       0.407760
  4.650000      -0.027166       0.414814
  4.660000      -0.022987       0.420822
  4.670000      -0.018753       0.425772
  4.680000      -0.014475       0.429651
  4.690000      -0.010164       0.432453
  4.700000      -0.005829       0.434171
  4.710000      -0.001484       0.434802
  4.720000       0.002863       0.434346
  4.730000       0.007200       0.432806
  4.740000       0.011515       0.430186
  4.750000       0.015800       0.426496
  4.760000       0.020042       0.421745
  4.770000       0.024231       0.415946
  4.780000       0.028357       0.409116
  4.790000       0.032410       0.401272
  4.800000       0.036379       0.392435
  4.810000       0.040256       0.382628
  4.820000       0.044029       0.371877
  4.830000       0.047690       0.360208
  4.840000       0.051230       0.347653
  4.850000       0.054640       0.334242
  4.860000       0.057912       0.320009
  4.870000       0.061038       0.304991
  4.880000       0.064009       0.289224
  4.890000       0.066820       0.272748
  4.900000       0.069462       0.255605
  4.910000       0.071930       0.237836
  4.920000       0.074217       0.219485
  4.930000       0.076318       0.200598
  4.940000       0.078227       0.181221
  4.950000       0.079941       0.161402
  4.960000       0.081454       0.141189
  4.970000       0.082763       0.120632
  4.980000       0.083866       0.099780
  4.990000       0.084758       0.078686
  5.000000       0.085439       0.057400
  5.010000       0.085906       0.035974
  5.020000       0.086158       0.014461
  5.030000       0.086195      -0.007088
  5.040000       0.086016      -0.028618
  5.050000       0.085623      -0.050075
  5.060000       0.085015      -0.071404
  5.070000       0.084195      -0.092549
  5.080000       0.083165      -0.113458
  5.090000       0.081927      -0.134076
  5.100000       0.080485      -0.154350
  5.110000       0.078841      -0.174229
  5.120000       0.077002      -0.193663
  5.130000       0.074970      -0.212601
  5.140000       0.072751      -0.230996
  5.150000       0.070352      -0.248802
  5.160000       0.067777      -0.265972
  5.170000       0.065035      -0.282464
  5.180000       0.062131      -0.298236
  5.190000       0.059072      -0.313250
  5.200000       0.055868      -0.327466
  5.210000       0.052526      -0.340850
  5.220000       0.049054      -0.353370
  5.230000       0.045461      -0.364993
  5.240000       0.041757      -0.375692
  5.250000       0.037951      -0.385440
  5.260000       0.034052      -0.394214
  5.270000       0.030070      -0.401993
  5.280000       0.026015      -0.408758
  5.290000       0.021898      -0.414495
  5.300000       0.017729      -0.419188
  5.310000       0.013518      -0.422829
  5.320000       0.009276      -0.425409
  5.330000       0.005013      -0.426922
  5.340000       0.000741      -0.427368
  5.350000      -0.003531      -0.426746
  5.360000      -0.007790      -0.425058
  5.370000      -0.012028      -0.422311
  5.380000      -0.016233      -0.418512
  5.390000      -0.020395      -0.413673
  5.400000      -0.024503      -0.407806
  5.410000      -0.028548      -0.400928
  5.420000      -0.032518      -0.393056
  5.430000      -0.036406      -0.384212
  5.440000      -0.040200      -0.374419
  5.450000      -0.043891      -0.363701
  5.460000      -0.047471      -0.352086
  5.470000      -0.050930      -0.339604
  5.480000      -0.054260      -0.326286
  5.490000      -0.057453      -0.312166
  5.500000      -0.060501      -0.297279
  5.510000      -0.063396      -0.281663
  5.520000      -0.066132      -0.265357
  5.530000      -0.068701      -0.248400
  5.540000      -0.071098      -0.230835
  5.550000      -0.073316      -0.212706
  5.560000      -0.075350      -0.194057
  5.570000      -0.077195      -0.174934
  5.580000      -0.078847      -0.155383
  5.590000      -0.080302      -0.135454
  5.600000      -0.081555      -0.115194
  5.610000      -0.082605      -0.094653
  5.620000      -0.083447      -0.073881
  5.630000      -0.084082      -0.052930
  5.640000      -0.084506      -0.031849
  5.650000      -0.084718      -0.010691
  5.660000      -0.084719       0.010493
  5.670000      -0.084509       0.031650
  5.680000      -0.084087       0.052726
  5.690000      -0.083455       0.073667
  5.700000      -0.082614       0.094419
  5.710000      -0.081567       0.114930
  5.720000      -0.080316       0.135146
  5.730000      -0.078865       0.155016
  5.740000      -0.077217       0.174490
  5.750000      -0.075377       0.193517
  5.760000      -0.073349       0.212050
  5.770000      -0.071138       0.230041
  5.780000      -0.068750       0.247445
  5.790000      -0.066191       0.264218
  5.800000      -0.063468       0.280317
  5.810000      -0.060587       0.295703
  5.820000      -0.057556       0.310336
  5.830000      -0.054383       0.324180
  5.840000      -0.051075       0.337201
  5.850000      -0.047642       0.349366
  5.860000      -0.044091       0.360646
  5.870000      -0.040432       0.371012
  5.880000      -0.036674       0.380441
  5.890000      -0.032826       0.388908
  5.900000      -0.028899       0.396394
  5.910000      -0.024902       0.402880
  5.920000      -0.020845       0.408353
  5.930000      -0.016738       0.412799
  5.940000      -0.012592       0.416208
  5.950000      -0.008417       0.418573
  5.960000      -0.004224       0.419890
  5.970000      -0.000023       0.420156
  5.980000       0.004175       0.419372
  5.990000       0.008361       0.417542
  6.000000       0.012523       0.414671
  6.010000       0.016651       0.410768
  6.020000       0.020735       0.405844
  6.030000       0.024764       0.399912
  6.040000       0.028730       0.392988
  6.050000       0.032621       0.385090
  6.060000       0.036428       0.376239
  6.070000       0.040143       0.366459
  6.080000       0.043755       0.355774
  6.090000       0.047255       0.344212
  6.100000       0.050636       0.331801
  6.110000       0.053888       0.318574
  6.120000       0.057005       0.304564
  6.130000       0.059977       0.289805
  6.140000       0.062799       0.274336
  6.150000       0.065462       0.258193
  6.160000       0.067960       0.241419
  6.170000       0.070288       0.224053
  6.180000       0.072440       0.206138
  6.190000       0.074409       0.187720
  6.200000       0.076192       0.168843
  6.210000       0.077785       0.149554
  6.220000       0.079182       0.129900
  6.230000       0.080382       0.109929
  6.240000       0.081380       0.089689
  6.250000       0.082175       0.069231
  6.260000       0.082764       0.048604
  6.270000       0.083146       0.027859
  6.280000       0.083321       0.007045
  6.290000       0.083287      -0.013785
  6.300000       0.083045      -0.034580
  6.310000       0.082596      -0.055286
  6.320000       0.081940      -0.075851
  6.330000       0.081080      -0.096222
  6.340000       0.080017      -0.116346
  6.350000       0.078754      -0.136172
  6.360000       0.077294      -0.155650
  6.370000       0.075642      -0.174730
  6.380000       0.073801      -0.193364
  6.390000       0.071776      -0.211503
  6.400000       0.069573      -0.229103
  6.410000       0.067196      -0.246117
  6.420000       0.064653      -0.262505
  6.430000       0.061948      -0.278224
  6.440000       0.059090      -0.293234
  6.450000       0.056086      -0.307499
  6.460000       0.052943      -0.320982
  6.470000       0.049669      -0.333650
  6.480000       0.046273      -0.345472
  6.490000       0.042763      -0.356419
  6.500000       0.039148      -0.366464
  6.510000       0.035437      -0.375583
  6.520000       0.031639      -0.383752
  6.530000       0.027765      -0.390954
  6.540000       0.023823      -0.397171
  6.550000       0.019825      -0.402388
  6.560000       0.015779      -0.406594
  6.570000       0.011696      -0.409779
  6.580000       0.007587      -0.411936
  6.590000       0.003461      -0.413062
  6.600000      -0.000671      -0.413155
  6.610000      -0.004799      -0.412215
  6.620000      -0.008912      -0.410247
  6.630000      -0.013000      -0.407257
  6.640000      -0.017054      -0.403253
  6.650000      -0.021062      -0.398246
  6.660000      -0.025015      -0.392251
  6.670000      -0.028904      -0.385283
  6.680000      -0.032718      -0.377360
  6.690000      -0.036448      -0.368504
  6.700000      -0.040085      -0.358737
  6.710000      -0.043620      -0.348084
  6.720000      -0.047044      -0.336573
  6.730000      -0.050348      -0.324233
  6.740000      -0.053526      -0.311094
  6.750000      -0.056568      -0.297191
  6.760000      -0.059467      -0.282557
  6.770000      -0.062217      -0.267230
  6.780000      -0.064809      -0.251248
  6.790000      -0.067239      -0.234650
  6.800000      -0.069501      -0.217477
  6.810000      -0.071587      -0.199772
  6.820000      -0.073494      -0.181578
  6.830000      -0.075217      -0.162941
  6.840000      -0.076752      -0.143905
  6.850000      -0.078094      -0.124518
  6.860000      -0.079241      -0.104828
  6.870000      -0.080190      -0.084881
  6.880000      -0.080938      -0.064727
  6.890000      -0.081484      -0.044416
  6.900000      -0.081826      -0.023996
  6.910000      -0.081964      -0.003518
  6.920000      -0.081896       0.016969
  6.930000      -0.081624       0.037412
  6.940000      -0.081149       0.057760
  6.950000      -0.080470       0.077959
  6.960000      -0.079590       0.097959
  6.970000      -0.078511       0.117708
  6.980000      -0.077237       0.137157
  6.990000      -0.075769       0.156254
  7.000000      -0.074113       0.174952
  7.010000      -0.072272       0.193203
  7.020000      -0.070251       0.210961
  7.030000      -0.068054       0.228180
  7.040000      -0.065689       0.244818
  7.050000      -0.063160       0.260831
  7.060000      -0.060475       0.276180
  7.070000      -0.057639       0.290827
  7.080000      -0.054661       0.304734
  7.090000      -0.051547       0.317867
  7.100000      -0.048306       0.330194
  7.110000      -0.044946       0.341684
  7.120000      -0.041475       0.352308
  7.130000      -0.037903       0.362040
  7.140000      -0.034237       0.370858
  7.150000      -0.030489       0.378740
  7.160000      -0.026666       0.385666
  7.170000      -0.022778       0.391621
  7.180000      -0.018837       0.396591
  7.190000      -0.014850       0.400564
  7.200000      -0.010829       0.403532
  7.210000      -0.006783       0.405489
  7.220000      -0.002722       0.406430
  7.230000       0.001343       0.406354
  7.240000       0.005401       0.405264
  7.250000       0.009444       0.403163
  7.260000       0.013461       0.400057
  7.270000       0.017442       0.395955
  7.280000       0.021377       0.390869
  7.290000       0.025256       0.384813
  7.300000       0.029070       0.377803
  7.310000       0.032809       0.369856
  7.320000       0.036464       0.360995
  7.330000       0.040026       0.351241
  7.340000       0.043486       0.340620
  7.350000       0.046836       0.329159
  7.360000       0.050067       0.316887
  7.370000       0.053171       0.303835
  7.380000       0.056141       0.290036
  7.390000       0.058969       0.275524
  7.400000       0.061649       0.260336
  7.410000       0.064174       0.244509
  7.420000       0.066537       0.228083
  7.430000       0.068734       0.211098
  7.440000       0.070758       0.193597
  7.450000       0.072604       0.175622
  7.460000       0.074269       0.157217
  7.470000       0.075747       0.138428
  7.480000       0.077036       0.119301
  7.490000       0.078132       0.099883
  7.500000       0.079033       0.080221
  7.510000       0.079736       0.060364
  7.520000       0.080240       0.040359
  7.530000       0.080543       0.020255
  7.540000       0.080645       0.000102
  7.550000       0.080545      -0.020050
  7.560000       0.080244      -0.040152
  7.570000       0.079742      -0.060150
  7.580000       0.079041      -0.079995
  7.590000       0.078143      -0.099635
  7.600000       0.077049      -0.119020
  7.610000       0.075764      -0.138101
  7.620000       0.074289      -0.156829
  7.630000       0.072628      -0.175156
  7.640000       0.070787      -0.193035
  7.650000       0.068769      -0.210422
  7.660000       0.066580      -0.227273
  7.670000       0.064226      -0.243544
  7.680000       0.061712      -0.259194
  7.690000       0.059044      -0.274185
  7.700000       0.056230      -0.288479
  7.710000       0.053277      -0.302039
  7.720000       0.050192      -0.314832
  7.730000       0.046983      -0.326827
  7.740000       0.043658      -0.337994
  7.750000       0.040226      -0.348305
  7.760000       0.036695      -0.357735
  7.770000       0.033074      -0.366261
  7.780000       0.029373      -0.373863
  7.790000       0.025600      -0.380523
  7.800000       0.021766      -0.386224
  7.810000       0.017879      -0.390954
  7.820000       0.013950      -0.394702
  7.830000       0.009988      -0.397459
  7.840000       0.006004      -0.399220
  7.850000       0.002007      -0.399982
  7.860000      -0.001992      -0.399744
  7.870000      -0.005984      -0.398508
  7.880000      -0.009959      -0.396277
  7.890000      -0.013907      -0.393060
  7.900000      -0.017817      -0.388864
  7.910000      -0.021681      -0.383702
  7.920000      -0.025488      -0.377587
  7.930000      -0.029229      -0.370536
  7.940000      -0.032896      -0.362567
  7.950000      -0.036478      -0.353701
  7.960000      -0.039967      -0.343961
  7.970000      -0.043354      -0.333371
  7.980000      -0.046631      -0.321960
  7.990000      -0.049791      -0.309755
  8.000000      -0.052824      -0.296787
  8.010000      -0.055724      -0.283089
  8.020000      -0.058483      -0.268696
  8.030000      -0.061096      -0.253643
  8.040000      -0.063554      -0.237968
  8.050000      -0.065853      -0.221710
  8.060000      -0.067987      -0.204908
  8.070000      -0.069950      -0.187604
  8.080000      -0.071737      -0.169842
  8.090000      -0.073345      -0.151664
  8.100000      -0.074769      -0.133115
  8.110000      -0.076006      -0.114241
  8.120000      -0.077053      -0.095089
  8.130000      -0.077907      -0.075703
  8.140000      -0.078567      -0.056134
  8.150000      -0.079029      -0.036427
  8.160000      -0.079295      -0.016631
  8.170000      -0.079362       0.003205
  8.180000      -0.079231       0.023033
  8.190000      -0.078901       0.042802
  8.200000      -0.078375       0.062462
  8.210000      -0.077653       0.081961
  8.220000      -0.076737       0.101251
  8.230000      -0.075629       0.120283
  8.240000      -0.074332       0.139006
  8.250000      -0.072850       0.157375
  8.260000      -0.071186       0.175341
  8.270000      -0.069344       0.192860
  8.280000      -0.067330       0.209887
  8.290000      -0.065148       0.226379
  8.300000      -0.062805       0.242294
  8.310000      -0.060305       0.257592
  8.320000      -0.057655       0.272235
  8.330000      -0.054862       0.286185
  8.340000      -0.051934       0.299409
  8.350000      -0.048877       0.311873
  8.360000      -0.045699       0.323546
  8.370000      -0.042408       0.334399
  8.380000      -0.039014       0.344406
  8.390000      -0.035523       0.353542
  8.400000      -0.031946       0.361785
  8.410000      -0.028290       0.369116
  8.420000      -0.024567       0.375516
  8.430000      -0.020783       0.380972
  8.440000      -0.016950       0.385469
  8.450000      -0.013077       0.388998
  8.460000      -0.009174       0.391551
  8.470000      -0.005249       0.393123
  8.480000      -0.001314       0.393712
  8.490000       0.002622       0.393316
  8.500000       0.006549       0.391938
  8.510000       0.010457       0.389583
  8.520000       0.014337       0.386257
  8.530000       0.018179       0.381970
  8.540000       0.021973       0.376734
  8.550000       0.025711       0.370563
  8.560000       0.029381       0.363473
  8.570000       0.032977       0.355482
  8.580000       0.036488       0.346612
  8.590000       0.039906       0.336886
  8.600000       0.043223       0.326327
  8.610000       0.046430       0.314964
  8.620000       0.049520       0.302824
  8.630000       0.052484       0.289939
  8.640000       0.055316       0.276341
  8.650000       0.058009       0.262064
  8.660000       0.060555       0.247143
  8.670000       0.062950       0.231615
  8.680000       0.065186       0.215520
  8.690000       0.067258       0.198897
  8.700000       0.069162       0.181786
  8.710000       0.070893       0.164231
  8.720000       0.072445       0.146274
  8.730000       0.073817       0.127959
  8.740000       0.075004       0.109331
  8.750000       0.076003       0.090436
  8.760000       0.076811       0.071321
  8.770000       0.077428       0.052031
  8.780000       0.077852       0.032614
  8.790000       0.078080       0.013118
  8.800000       0.078114      -0.006411
  8.810000       0.077952      -0.025922
  8.820000       0.077596      -0.045368
  8.830000       0.077045      -0.064698
  8.840000       0.076302      -0.083862
  8.850000       0.075369      -0.102811
  8.860000       0.074247      -0.121498
  8.870000       0.072940      -0.139875
  8.880000       0.071451      -0.157894
  8.890000       0.069783      -0.175510
  8.900000       0.067942      -0.192679
  8.910000       0.065931      -0.209356
  8.920000       0.063757      -0.225499
  8.930000       0.061423      -0.241068
  8.940000       0.058937      -0.256023
  8.950000       0.056305      -0.270328
  8.960000       0.053533      -0.283945
  8.970000       0.050628      -0.296841
  8.980000       0.047599      -0.308985
  8.990000       0.044451      -0.320345
  9.000000       0.041195      -0.330893
  9.010000       0.037836      -0.340605
  9.020000       0.034385      -0.349456
  9.030000       0.030850      -0.357425
  9.040000       0.027240      -0.364492
  9.050000       0.023563      -0.370641
  9.060000       0.019830      -0.375857
  9.070000       0.016049      -0.380128
  9.080000       0.012231      -0.383445
  9.090000       0.008384      -0.385801
  9.100000       0.004518      -0.387190
  9.110000       0.000643      -0.387610
  9.120000      -0.003231      -0.387061
  9.130000      -0.007095      -0.385546
  9.140000      -0.010939      -0.383069
  9.150000      -0.014753      -0.379639
  9.160000      -0.018528      -0.375264
  9.170000      -0.022255      -0.369957
  9.180000      -0.025924      -0.363731
  9.190000      -0.029527      -0.356603
  9.200000      -0.033054      -0.348593
  9.210000      -0.036496      -0.339719
  9.220000      -0.039845      -0.330006
  9.230000      -0.043093      -0.319479
  9.240000      -0.046232      -0.308163
  9.250000      -0.049254      -0.296088
  9.260000      -0.052151      -0.283283
  9.270000      -0.054917      -0.269782
  9.280000      -0.057545      -0.255618
  9.290000      -0.060028      -0.240826
  9.300000      -0.062359      -0.225442
  9.310000      -0.064535      -0.209506
  9.320000      -0.066548      -0.193057
  9.330000      -0.068394      -0.176134
  9.340000      -0.070069      -0.158781
  9.350000      -0.071568      -0.141039
  9.360000      -0.072889      -0.122952
  9.370000      -0.074027      -0.104564
  9.380000      -0.074979      -0.085921
  9.390000      -0.075744      -0.067067
  9.400000      -0.076320      -0.048050
  9.410000      -0.076705      -0.028916
  9.420000      -0.076898      -0.009711
  9.430000      -0.076899       0.009518
  9.440000      -0.076708       0.028722
  9.450000      -0.076325       0.047853
  9.460000      -0.075751       0.066861
  9.470000      -0.074988       0.085699
  9.480000      -0.074038       0.104317
  9.490000      -0.072903       0.122669
  9.500000      -0.071586       0.140708
  9.510000      -0.070090       0.158387
  9.520000      -0.068419       0.175663
  9.530000      -0.066578       0.192490
  9.540000      -0.064571       0.208826
  9.550000      -0.062403       0.224631
  9.560000      -0.060080       0.239864
  9.570000      -0.057608       0.254486
  9.580000      -0.054993       0.268461
  9.590000      -0.052241       0.281755
  9.600000      -0.049360       0.294333
  9.610000      -0.046357       0.306165
  9.620000      -0.043239       0.317221
  9.630000      -0.040015       0.327474
  9.640000      -0.036693       0.336899
  9.650000      -0.033280       0.345472
  9.660000      -0.029786       0.353174
  9.670000      -0.026219       0.359985
  9.680000      -0.022589       0.365890
  9.690000      -0.018905       0.370874
  9.700000      -0.015175       0.374926
  9.710000      -0.011409       0.378037
  9.720000      -0.007617       0.380200
  9.730000      -0.003809       0.381411
  9.740000       0.000008       0.381668
  9.750000       0.003822       0.380971
  9.760000       0.007624       0.379323
  9.770000       0.011405       0.376729
  9.780000       0.015155       0.373198
  9.790000       0.018866       0.368737
  9.800000       0.022527       0.363361
  9.810000       0.026130       0.357083
  9.820000       0.029666       0.349920
  9.830000       0.033126       0.341889
  9.840000       0.036501       0.333013
  9.850000       0.039783       0.323314
  9.860000       0.042964       0.312817
  9.870000       0.046037       0.301548
  9.880000       0.048993       0.289535
  9.890000       0.051825       0.276810
  9.900000       0.054527       0.263404
  9.910000       0.057091       0.249350
  9.920000       0.059512       0.234684
  9.930000       0.061783       0.219441
  9.940000       0.063899       0.203661
  9.950000       0.065854       0.187381
  9.960000       0.067645       0.170642
  9.970000       0.069266       0.153485
  9.980000       0.070713       0.135952
  9.990000       0.071984       0.118087
 10.000000       0.073074       0.099933
 10.010000       0.073982       0.081535
 10.020000       0.074704       0.062938
 10.030000       0.075240       0.044186
 10.040000       0.075587       0.025327
 10.050000       0.075746       0.006406
 10.060000       0.075716      -0.012530
 10.070000       0.075496      -0.031435
 10.080000       0.075087      -0.050259
 10.090000       0.074491      -0.068955
 10.100000       0.073709      -0.087475
 10.110000       0.072742      -0.105771
 10.120000       0.071594      -0.123797
 10.130000       0.070267      -0.141507
 10.140000       0.068765      -0.158855
 10.150000       0.067092      -0.175799
 10.160000       0.065251      -0.192294
 10.170000       0.063247      -0.208300
 10.180000       0.061086      -0.223775
 10.190000       0.058774      -0.238680
 10.200000       0.056315      -0.252978
 10.210000       0.053716      -0.266634
 10.220000       0.050984      -0.279612
 10.230000       0.048126      -0.291881
 10.240000       0.045149      -0.303410
 10.250000       0.042061      -0.314170
 10.260000       0.038869      -0.324136
 10.270000       0.035581      -0.333281
 10.280000       0.032206      -0.341586
 10.290000       0.028752      -0.349028
 10.300000       0.025228      -0.355591
 10.310000       0.021643      -0.361258
 10.320000       0.018006      -0.366017
 10.330000       0.014326      -0.369856
 10.340000       0.010612      -0.372767
 10.350000       0.006874      -0.374743
 10.360000       0.003120      -0.375781
 10.370000      -0.000639      -0.375879
 10.380000      -0.004394      -0.375039
 10.390000      -0.008137      -0.373262
 10.400000      -0.011856      -0.370555
 10.410000      -0.015545      -0.366925
 10.420000      -0.019192      -0.362382
 10.430000      -0.022789      -0.356939
 10.440000      -0.026328      -0.350611
 10.450000      -0.029798      -0.343413
 10.460000      -0.033193      -0.335364
 10.470000      -0.036503      -0.326486
 10.480000      -0.039720      -0.316801
 10.490000      -0.042836      -0.306333
 10.500000      -0.045844      -0.295110
 10.510000      -0.048736      -0.283160
 10.520000      -0.051505      -0.270512
 10.530000      -0.054144      -0.257198
 10.540000      -0.056647      -0.243253
 10.550000      -0.059007      -0.228709
 10.560000      -0.061219      -0.213604
 10.570000      -0.063278      -0.197975
 10.580000      -0.065177      -0.181861
 10.590000      -0.066913      -0.165301
 10.600000      -0.068482      -0.148336
 10.610000      -0.069879      -0.131008
 10.620000      -0.071101      -0.113360
 10.630000      -0.072145      -0.095434
 10.640000      -0.073009      -0.077274
 10.650000      -0.073690      -0.058926
 10.660000      -0.074187      -0.040434
 10.670000      -0.074498      -0.021843
 10.680000      -0.074624      -0.003199
 10.690000      -0.074562       0.015453
 10.700000      -0.074315       0.034066
 10.710000      -0.073881       0.052591
 10.720000      -0.073263       0.070982
 10.730000      -0.072462       0.089192
 10.740000      -0.071480       0.107174
 10.750000      -0.070320       0.124883
 10.760000      -0.068984       0.142272
 10.770000      -0.067475       0.159299
 10.780000      -0.065799       0.175920
 10.790000      -0.063958       0.192092
 10.800000      -0.061959       0.207775
 10.810000      -0.059805       0.222929
 10.820000      -0.057502       0.237516
 10.830000      -0.055056       0.251499
 10.840000      -0.052474       0.264843
 10.850000      -0.049762       0.277514
 10.860000      -0.046926       0.289482
 10.870000      -0.043975       0.300717
 10.880000      -0.040914       0.311189
 10.890000      -0.037753       0.320875
 10.900000      -0.034500       0.329750
 10.910000      -0.031161       0.337792
 10.920000      -0.027747       0.344982
 10.930000      -0.024265       0.351303
 10.940000      -0.020724       0.356739
 10.950000      -0.017133       0.361279
 10.960000      -0.013501       0.364911
 10.970000      -0.009838       0.367628
 10.980000      -0.006152       0.369423
 10.990000      -0.002452       0.370293
 11.000000       0.001251       0.370238
 11.010000       0.004949       0.369257
 11.020000       0.008633       0.367355
 11.030000       0.012294       0.364538
 11.040000       0.015921       0.360813
 11.050000       0.019507       0.356191
 11.060000       0.023042       0.350683
 11.070000       0.026518       0.344306
 11.080000       0.029925       0.337075
 11.090000       0.033256       0.329009
 11.100000       0.036503       0.320129
 11.110000       0.039656       0.310458
 11.120000       0.042709       0.300020
 11.130000       0.045654       0.288843
 11.140000       0.048484       0.276953
 11.150000       0.051191       0.264381
 11.160000       0.053769       0.251158
 11.170000       0.056212       0.237318
 11.180000       0.058514       0.222895
 11.190000       0.060668       0.207925
 11.200000       0.062670       0.192444
 11.210000       0.064515       0.176491
 11.220000       0.066199       0.160106
 11.230000       0.067716       0.143329
 11.240000       0.069064       0.126200
 11.250000       0.070239       0.108763
 11.260000       0.071239       0.091059
 11.270000       0.072060       0.073133
 11.280000       0.072701       0.055028
 11.290000       0.073160       0.036789
 11.300000       0.073436       0.018459
 11.310000       0.073529       0.000085
 11.320000       0.073438      -0.018290
 11.330000       0.073163      -0.036618
 11.340000       0.072706      -0.054852
 11.350000       0.072067      -0.072946
 11.360000       0.071247      -0.090854
 11.370000       0.070250      -0.108530
 11.380000       0.069078      -0.125929
 11.390000       0.067733      -0.143007
 11.400000       0.066219      -0.159720
 11.410000       0.064540      -0.176026
 11.420000       0.062700      -0.191883
 11.430000       0.060704      -0.207252
 11.440000       0.058557      -0.222093
 11.450000       0.056264      -0.236370
 11.460000       0.053831      -0.250046
 11.470000       0.051265      -0.263087
 11.480000       0.048572      -0.275460
 11.490000       0.045758      -0.287135
 11.500000       0.042831      -0.298082
 11.510000       0.039799      -0.308275
 11.520000       0.036668      -0.317689
 11.530000       0.033448      -0.326300
 11.540000       0.030145      -0.334087
 11.550000       0.026769      -0.341031
 11.560000       0.023327      -0.347117
 11.570000       0.019830      -0.352329
 11.580000       0.016284      -0.356656
 11.590000       0.012699      -0.360087
 11.600000       0.009085      -0.362614
 11.610000       0.005450      -0.364233
 11.620000       0.001803      -0.364941
 11.630000      -0.001846      -0.364736
 11.640000      -0.005488      -0.363620
 11.650000      -0.009115      -0.361596
 11.660000      -0.012717      -0.358672
 11.670000      -0.016285      -0.354855
 11.680000      -0.019811      -0.350156
 11.690000      -0.023286      -0.344586
 11.700000      -0.026700      -0.338162
 11.710000      -0.030046      -0.330899
 11.720000      -0.033315      -0.322817
 11.730000      -0.036500      -0.313936
 11.740000      -0.039592      -0.304279
 11.750000      -0.042583      -0.293871
 11.760000      -0.045467      -0.282738
 11.770000      -0.048235      -0.270907
 11.780000      -0.050882      -0.258410
 11.790000      -0.053401      -0.245277
 11.800000      -0.055786      -0.231540
 11.810000      -0.058030      -0.217234
 11.820000      -0.060129      -0.202395
 11.830000      -0.062077      -0.187060
 11.840000      -0.063869      -0.171265
 11.850000      -0.065500      -0.155050
 11.860000      -0.066968      -0.138456
 11.870000      -0.068268      -0.121523
 11.880000      -0.069398      -0.104291
 11.890000      -0.070353      -0.086805
 11.900000      -0.071133      -0.069107
 11.910000      -0.071735      -0.051239
 11.920000      -0.072157      -0.033246
 11.930000      -0.072400      -0.015171
 11.940000      -0.072461       0.002940
 11.950000      -0.072341       0.021044
 11.960000      -0.072040       0.039094
 11.970000      -0.071559       0.057044
 11.980000      -0.070900       0.074848
 11.990000      -0.070063       0.092462
 12.000000      -0.069051       0.109839
 12.010000      -0.067867       0.126937
 12.020000      -0.066514       0.143710
 12.030000      -0.064994       0.160117
 12.040000      -0.063313       0.176117
 12.050000      -0.061473       0.191667
 12.060000      -0.059481       0.206730
 12.070000      -0.057340       0.221267
 12.080000      -0.055057       0.235242
 12.090000      -0.052638       0.248618
 12.100000      -0.050087       0.261364
 12.110000      -0.047413       0.273447
 12.120000      -0.044621       0.284836
 12.130000      -0.041718       0.295504
 12.140000      -0.038713       0.305425
 12.150000      -0.035612       0.314573
 12.160000      -0.032424       0.322927
 12.170000      -0.029156       0.330466
 12.180000      -0.025818       0.337172
 12.190000      -0.022416       0.343029
 12.200000      -0.018960       0.348023
 12.210000      -0.015458       0.352142
 12.220000      -0.011920       0.355377
 12.230000      -0.008354       0.357721
 12.240000      -0.004769       0.359169
 12.250000      -0.001173       0.359718
 12.260000       0.002423       0.359368
 12.270000       0.006011       0.358120
 12.280000       0.009582       0.355979
 12.290000       0.013128       0.352951
 12.300000       0.016638       0.349045
 12.310000       0.020106       0.344270
 12.320000       0.023521       0.338641
 12.330000       0.026876       0.332171
 12.340000       0.030162       0.324878
 12.350000       0.033370       0.316780
 12.360000       0.036495       0.307899
 12.370000       0.039526       0.298257
 12.380000       0.042457       0.287878
 12.390000       0.045281       0.276788
 12.400000       0.047991       0.265017
 12.410000       0.050579       0.252593
 12.420000       0.053040       0.239546
 12.430000       0.055368       0.225911
 12.440000       0.057557       0.211721
 12.450000       0.059601       0.197010
 12.460000       0.061495       0.181816
 12.470000       0.063236       0.166176
 12.480000       0.064818       0.150128
 12.490000       0.066237       0.133713
 12.500000       0.067491       0.116970
 12.510000       0.068576       0.099940
 12.520000       0.069489       0.082666
 12.530000       0.070228       0.065190
 12.540000       0.070792       0.047554
 12.550000       0.071179       0.029801
 12.560000       0.071388       0.011976
 12.570000       0.071418      -0.005878
 12.580000       0.071270      -0.023718
 12.590000       0.070944      -0.041497
 12.600000       0.070441      -0.059170
 12.610000       0.069761      -0.076692
 12.620000       0.068908      -0.094018
 12.630000       0.067882      -0.111104
 12.640000       0.066686      -0.127907
 12.650000       0.065325      -0.144384
 12.660000       0.063800      -0.160493
 12.670000       0.062116      -0.176194
 12.680000       0.060278      -0.191445
 12.690000       0.058289      -0.206210
 12.700000       0.056155      -0.220450
 12.710000       0.053882      -0.234130
 12.720000       0.051475      -0.247215
 12.730000       0.048940      -0.259673
 12.740000       0.046283      -0.271472
 12.750000       0.043512      -0.282584
 12.760000       0.040634      -0.292980
 12.770000       0.037655      -0.302635
 12.780000       0.034584      -0.311525
 12.790000       0.031427      -0.319629
 12.800000       0.028194      -0.326926
 12.810000       0.024892      -0.333400
 12.820000       0.021529      -0.339034
 12.830000       0.018114      -0.343815
 12.840000       0.014655      -0.347733
 12.850000       0.011162      -0.350778
 12.860000       0.007643      -0.352943
 12.870000       0.004106      -0.354224
 12.880000       0.000561      -0.354619
 12.890000      -0.002983      -0.354128
 12.900000      -0.006518      -0.352752
 12.910000      -0.010035      -0.350497
 12.920000      -0.013526      -0.347369
 12.930000      -0.016980      -0.343376
 12.940000      -0.020390      -0.338529
 12.950000      -0.023748      -0.332841
 12.960000      -0.027044      -0.326328
 12.970000      -0.030272      -0.319006
 12.980000      -0.033422      -0.310893
 12.990000      -0.036487      -0.302012
 13.000000      -0.039459      -0.292384
 13.010000      -0.042332      -0.282034
 13.020000      -0.045098      -0.270988
 13.030000      -0.047750      -0.259275
 13.040000      -0.050281      -0.246922
 13.050000      -0.052686      -0.233962
 13.060000      -0.054959      -0.220426
 13.070000      -0.057093      -0.206348
 13.080000      -0.059084      -0.191763
 13.090000      -0.060927      -0.176708
 13.100000      -0.062617      -0.161219
 13.110000      -0.064150      -0.145335
 13.120000      -0.065522      -0.129094
 13.130000      -0.066730      -0.112537
 13.140000      -0.067772      -0.095705
 13.150000      -0.068644      -0.078638
 13.160000      -0.069344      -0.061378
 13.170000      -0.069871      -0.043969
 13.180000      -0.070223      -0.026451
 13.190000      -0.070400      -0.008869
 13.200000      -0.070400       0.008734
 13.210000      -0.070225       0.026316
 13.220000      -0.069874       0.043830
 13.230000      -0.069349       0.061232
 13.240000      -0.068650       0.078478
 13.250000      -0.067780       0.095524
 13.260000      -0.066740       0.112326
 13.270000      -0.065534       0.128842
 13.280000      -0.064165       0.145030
 13.290000      -0.062635       0.160848
 13.300000      -0.060949       0.176257
 13.310000      -0.059111       0.191217
 13.320000      -0.057126       0.205690
 13.330000      -0.054999       0.219641
 13.340000      -0.052735       0.233034
 13.350000      -0.050341       0.245835
 13.360000      -0.047821       0.258012
 13.370000      -0.045182       0.269536
 13.380000      -0.042432       0.280376
 13.390000      -0.039577       0.290507
 13.400000      -0.036625       0.299904
 13.410000      -0.033582       0.308542
 13.420000      -0.030456       0.316402
 13.430000      -0.027256       0.323464
 13.440000      -0.023990       0.329711
 13.450000      -0.020665       0.335128
 13.460000      -0.017290       0.339703
 13.470000      -0.013874       0.343424
 13.480000      -0.010424       0.346283
 13.490000      -0.006951       0.348275
 13.500000      -0.003462       0.349394
 13.510000       0.000034       0.349639
 13.520000       0.003528       0.349011
 13.530000       0.007011       0.347511
 13.540000       0.010475       0.345145
 13.550000       0.013911       0.341919
 13.560000       0.017311       0.337842
 13.570000       0.020665       0.332925
 13.580000       0.023967       0.327181
 13.590000       0.027206       0.320626
 13.600000       0.030376       0.313275
 13.610000       0.033469       0.305150
 13.620000       0.036477       0.296269
 13.630000       0.039392       0.286656
 13.640000       0.042208       0.276335
 13.650000       0.044917       0.265332
 13.660000       0.047512       0.253675
 13.670000       0.049988       0.241393
 13.680000       0.052338       0.228516
 13.690000       0.054556       0.215078
 13.700000       0.056638       0.201111
 13.710000       0.058577       0.186649
 13.720000       0.060369       0.171730
 13.730000       0.062010       0.156389
 13.740000       0.063496       0.140664
 13.750000       0.064822       0.124594
 13.760000       0.065987       0.108220
 13.770000       0.066986       0.091580
 13.780000       0.067817       0.074715
 13.790000       0.068480       0.057668
 13.800000       0.068970       0.040479
 13.810000       0.069289       0.023192
 13.820000       0.069434       0.005848
 13.830000       0.069406      -0.011511
 13.840000       0.069204      -0.028840
 13.850000       0.068829      -0.046096
 13.860000       0.068282      -0.063234
 13.870000       0.067565      -0.080210
 13.880000       0.066679      -0.096983
 13.890000       0.065626      -0.113507
 13.900000       0.064410      -0.129743
 13.910000       0.063032      -0.145648
 13.920000       0.061498      -0.161182
 13.930000       0.059810      -0.176306
 13.940000       0.057973      -0.190982
 13.950000       0.055992      -0.205171
 13.960000       0.053872      -0.218840
 13.970000       0.051617      -0.231952
 13.980000       0.049235      -0.244476
 13.990000       0.046730      -0.256380
 14.000000       0.044109      -0.267634
 14.010000       0.041379      -0.278211
 14.020000       0.038547      -0.288083
 14.030000       0.035620      -0.297227
 14.040000       0.032605      -0.305621
 14.050000       0.029510      -0.313243
 14.060000       0.026343      -0.320076
 14.070000       0.023111      -0.326102
 14.080000       0.019824      -0.331308
 14.090000       0.016488      -0.335681
 14.100000       0.013113      -0.339211
 14.110000       0.009707      -0.341890
 14.120000       0.006278      -0.343712
 14.130000       0.002835      -0.344674
 14.140000      -0.000613      -0.344773
 14.150000      -0.004057      -0.344011
 14.160000      -0.007490      -0.342391
 14.170000      -0.010902      -0.339917
 14.180000      -0.014286      -0.336596
 14.190000      -0.017631      -0.332437
 14.200000      -0.020932      -0.327452
 14.210000      -0.024178      -0.321654
 14.220000      -0.027362      -0.315059
 14.230000      -0.030476      -0.307682
 14.240000      -0.033513      -0.299543
 14.250000      -0.036465      -0.290663
 14.260000      -0.039324      -0.281065
 14.270000      -0.042084      -0.270773
 14.280000      -0.044737      -0.259812
 14.290000      -0.047278      -0.248211
 14.300000      -0.049699      -0.235998
 14.310000      -0.051996      -0.223205
 14.320000      -0.054162      -0.209862
 14.330000      -0.056191      -0.196003
 14.340000      -0.058080      -0.181662
 14.350000      -0.059823      -0.166876
 14.360000      -0.061416      -0.151680
 14.370000      -0.062855      -0.136111
 14.380000      -0.064137      -0.120209
 14.390000      -0.065259      -0.104013
 14.400000      -0.066217      -0.087561
 14.410000      -0.067009      -0.070895
 14.420000      -0.067634      -0.054055
 14.430000      -0.068090      -0.037083
 14.440000      -0.068375      -0.020020
 14.450000      -0.068490      -0.002908
 14.460000      -0.068434       0.014211
 14.470000      -0.068206       0.031294
 14.480000      -0.067808       0.048297
 14.490000      -0.067240       0.065176
 14.500000      -0.066505       0.081890
 14.510000      -0.065603       0.098395
 14.520000      -0.064538       0.114649
 14.530000      -0.063311       0.130611
 14.540000      -0.061927       0.146240
 14.550000      -0.060388       0.161497
 14.560000      -0.058698       0.176343
 14.570000      -0.056862       0.190740
 14.580000      -0.054885       0.204653
 14.590000      -0.052771       0.218046
 14.600000      -0.050526       0.230885
 14.610000      -0.048155       0.243138
 14.620000      -0.045665       0.254775
 14.630000      -0.043062       0.265767
 14.640000      -0.040352       0.276086
 14.650000      -0.037543       0.285706
 14.660000      -0.034640       0.294604
 14.670000      -0.031653       0.302759
 14.680000      -0.028588       0.310150
 14.690000      -0.025453       0.316759
 14.700000      -0.022255       0.322570
 14.710000      -0.019004       0.327570
 14.720000      -0.015707       0.331746
 14.730000      -0.012372       0.335090
 14.740000      -0.009008       0.337593
 14.750000      -0.005623       0.339251
 14.760000      -0.002225       0.340059
 14.770000       0.001176       0.340016
 14.780000       0.004572       0.339125
 14.790000       0.007955       0.337387
 14.800000       0.011317       0.334808
 14.810000       0.014649       0.331395
 14.820000       0.017942       0.327157
 14.830000       0.021189       0.322107
 14.840000       0.024382       0.316256
 14.850000       0.027512       0.309621
 14.860000       0.030571       0.302219
 14.870000       0.033553       0.294068
 14.880000       0.036450       0.285190
 14.890000       0.039255       0.275607
 14.900000       0.041960       0.265343
 14.910000       0.044560       0.254424
 14.920000       0.047047       0.242878
 14.930000       0.049415       0.230734
 14.940000       0.051659       0.218022
 14.950000       0.053774       0.204773
 14.960000       0.055753       0.191020
 14.970000       0.057593       0.176798
 14.980000       0.059288       0.162142
 14.990000       0.060834       0.147088
 15.000000       0.062228       0.131672
 15.010000       0.063467       0.115934
 15.020000       0.064546       0.099912
 15.030000       0.065464       0.083644
 15.040000       0.066218       0.067172
 15.050000       0.066807       0.050535
 15.060000       0.067228       0.033775
 15.070000       0.067482       0.016931
 15.080000       0.067567       0.000047
 15.090000       0.067483      -0.016838
 15.100000       0.067230      -0.033680
 15.110000       0.066810      -0.050435
 15.120000       0.066222      -0.067063
 15.130000       0.065469      -0.083519
 15.140000       0.064552      -0.099762
 15.150000       0.063475      -0.115752
 15.160000       0.062238      -0.131446
 15.170000       0.060847      -0.146806
 15.180000       0.059303      -0.161792
 15.190000       0.057612      -0.176367
 15.200000       0.055778      -0.190493
 15.210000       0.053804      -0.204135
 15.220000       0.051697      -0.217259
 15.230000       0.049461      -0.229831
 15.240000       0.047102      -0.241820
 15.250000       0.044626      -0.253197
 15.260000       0.042040      -0.263932
 15.270000       0.039350      -0.273999
 15.280000       0.036563      -0.283374
 15.290000       0.033685      -0.292032
 15.300000       0.030724      -0.299953
 15.310000       0.027688      -0.307118
 15.320000       0.024585      -0.313509
 15.330000       0.021421      -0.319111
 15.340000       0.018205      -0.323910
 15.350000       0.014945      -0.327895
 15.360000       0.011650      -0.331057
 15.370000       0.008327      -0.333389
 15.380000       0.004985      -0.334886
 15.390000       0.001632      -0.335545
 15.400000      -0.001723      -0.335364
 15.410000      -0.005072      -0.334347
 15.420000      -0.008407      -0.332494
 15.430000      -0.011720      -0.329813
 15.440000      -0.015001      -0.326311
 15.450000      -0.018243      -0.321997
 15.460000      -0.021438      -0.316883
 15.470000      -0.024578      -0.310981
 15.480000      -0.027655      -0.304309
 15.490000      -0.030662      -0.296882
 15.500000      -0.033590      -0.288720
 15.510000      -0.036434      -0.279844
 15.520000      -0.039185      -0.270276
 15.530000      -0.041837      -0.260041
 15.540000      -0.044384      -0.249164
 15.550000      -0.046818      -0.237672
 15.560000      -0.049135      -0.225595
 15.570000      -0.051328      -0.212962
 15.580000      -0.053393      -0.199805
 15.590000      -0.055323      -0.186157
 15.600000      -0.057114      -0.172051
 15.610000      -0.058762      -0.157523
 15.620000      -0.060263      -0.142608
 15.630000      -0.061613      -0.127342
 15.640000      -0.062809      -0.111765
 15.650000      -0.063848      -0.095913
 15.660000      -0.064727      -0.079826
 15.670000      -0.065444      -0.063544
 15.680000      -0.065997      -0.047106
 15.690000      -0.066385      -0.030552
 15.700000      -0.066608      -0.013924
 15.710000      -0.066664       0.002739
 15.720000      -0.066553       0.019394
 15.730000      -0.066276       0.036000
 15.740000      -0.065833       0.052514
 15.750000      -0.065226       0.068894
 15.760000      -0.064456       0.085099
 15.770000      -0.063525       0.101087
 15.780000      -0.062435       0.116818
 15.790000      -0.061190       0.132251
 15.800000      -0.059791       0.147347
 15.810000      -0.058244       0.162069
 15.820000      -0.056551       0.176378
 15.830000      -0.054718       0.190239
 15.840000      -0.052748       0.203617
 15.850000      -0.050647       0.216478
 15.860000      -0.048420       0.228789
 15.870000      -0.046073       0.240521
 15.880000      -0.043612       0.251643
 15.890000      -0.041043       0.262128
 15.900000      -0.038372       0.271950
 15.910000      -0.035606       0.281084
 15.920000      -0.032752       0.289509
 15.930000      -0.029818       0.297202
 15.940000      -0.026811       0.304147
 15.950000      -0.023738       0.310325
 15.960000      -0.020607       0.315722
 15.970000      -0.017426       0.320326
 15.980000      -0.014203       0.324124
 15.990000      -0.010946       0.327109
 16.000000      -0.007664       0.329274
 16.010000      -0.004364       0.330615
 16.020000      -0.001054       0.331128
 16.030000       0.002256       0.330813
 16.040000       0.005559       0.329672
 16.050000       0.008847       0.327709
 16.060000       0.012111       0.324929
 16.070000       0.015343       0.321340
 16.080000       0.018535       0.316951
 16.090000       0.021679       0.311775
 16.100000       0.024768       0.305825
 16.110000       0.027793       0.299116
 16.120000       0.030748       0.291666
 16.130000       0.033624       0.283494
 16.140000       0.036415       0.274620
 16.150000       0.039114       0.265068
 16.160000       0.041714       0.254860
 16.170000       0.044209       0.244024
 16.180000       0.046593       0.232586
 16.190000       0.048859       0.220575
 16.200000       0.051003       0.208021
 16.210000       0.053018       0.194955
 16.220000       0.054900       0.181409
 16.230000       0.056645       0.167417
 16.240000       0.058247       0.153014
 16.250000       0.059704       0.138236
 16.260000       0.061011       0.123118
 16.270000       0.062165       0.107697
 16.280000       0.063164       0.092013
 16.290000       0.064004       0.076103
 16.300000       0.064685       0.060007
 16.310000       0.065204       0.043763
 16.320000       0.065560       0.027412
 16.330000       0.065752       0.010994
 16.340000       0.065780      -0.005451
 16.350000       0.065643      -0.021882
 16.360000       0.065342      -0.038257
 16.370000       0.064878      -0.054535
 16.380000       0.064252      -0.070674
 16.390000       0.063465      -0.086632
 16.400000       0.062520      -0.102370
 16.410000       0.061419      -0.117848
 16.420000       0.060164      -0.133025
 16.430000       0.058760      -0.147864
 16.440000       0.057208      -0.162327
 16.450000       0.055514      -0.176377
 16.460000       0.053682      -0.189979
 16.470000       0.051716      -0.203099
 16.480000       0.049622      -0.215703
 16.490000       0.047404      -0.227760
 16.500000       0.045069      -0.239239
 16.510000       0.042621      -0.250113
 16.520000       0.040069      -0.260354
 16.530000       0.037417      -0.269936
 16.540000       0.034672      -0.278836
 16.550000       0.031842      -0.287032
 16.560000       0.028934      -0.294503
 16.570000       0.025955      -0.301233
 16.580000       0.022912      -0.307203
 16.590000       0.019813      -0.312401
 16.600000       0.016666      -0.316813
 16.610000       0.013479      -0.320430
 16.620000       0.010260      -0.323243
 16.630000       0.007017      -0.325245
 16.640000       0.003758      -0.326433
 16.650000       0.000491      -0.326804
 16.660000      -0.002775      -0.326358
 16.670000      -0.006033      -0.325098
 16.680000      -0.009274      -0.323026
 16.690000      -0.012491      -0.320150
 16.700000      -0.015675      -0.316477
 16.710000      -0.018818      -0.312016
 16.720000      -0.021912      -0.306780
 16.730000      -0.024951      -0.300782
 16.740000      -0.027926      -0.294038
 16.750000      -0.030829      -0.286566
 16.760000      -0.033655      -0.278384
 16.770000      -0.036395      -0.269514
 16.780000      -0.039043      -0.259977
 16.790000      -0.041592      -0.249798
 16.800000      -0.044036      -0.239002
 16.810000      -0.046370      -0.227617
 16.820000      -0.048587      -0.215672
 16.830000      -0.050682      -0.203195
 16.840000      -0.052649      -0.190217
 16.850000      -0.054485      -0.176772
 16.860000      -0.056183      -0.162893
 16.870000      -0.057741      -0.148613
 16.880000      -0.059154      -0.133968
 16.890000      -0.060419      -0.118994
 16.900000      -0.061533      -0.103728
 16.910000      -0.062493      -0.088208
 16.920000      -0.063297      -0.072471
 16.930000      -0.063942      -0.056557
 16.940000      -0.064427      -0.040504
 16.950000      -0.064752      -0.024351
 16.960000      -0.064914      -0.008139
 16.970000      -0.064914       0.008093
 16.980000      -0.064752       0.024304
 16.990000      -0.064428       0.040453
 17.000000      -0.063944       0.056500
 17.010000      -0.063299       0.072402
 17.020000      -0.062496       0.088120
 17.030000      -0.061537       0.103613
 17.040000      -0.060425       0.118843
 17.050000      -0.059161       0.133771
 17.060000      -0.057750       0.148358
 17.070000      -0.056196       0.162568
 17.080000      -0.054500       0.176365
 17.090000      -0.052670       0.189713
 17.100000      -0.050708       0.202580
 17.110000      -0.048620       0.214933
 17.120000      -0.046411       0.226742
 17.130000      -0.044087       0.237975
 17.140000      -0.041653       0.248606
 17.150000      -0.039117       0.258608
 17.160000      -0.036483       0.267956
 17.170000      -0.033760       0.276627
 17.180000      -0.030953       0.284600
 17.190000      -0.028070       0.291854
 17.200000      -0.025119       0.298374
 17.210000      -0.022105       0.304142
 17.220000      -0.019038       0.309145
 17.230000      -0.015925       0.313370
 17.240000      -0.012774       0.316810
 17.250000      -0.009592       0.319454
 17.260000      -0.006387       0.321298
 17.270000      -0.003168       0.322337
 17.280000       0.000057       0.322570
 17.290000       0.003280       0.321997
 17.300000       0.006494       0.320620
 17.310000       0.009690       0.318443
 17.320000       0.012860       0.315473
 17.330000       0.015997       0.311717
 17.340000       0.019092       0.307186
 17.350000       0.022138       0.301892
 17.360000       0.025127       0.295849
 17.370000       0.028053       0.289072
 17.380000       0.030906       0.281578
 17.390000       0.033682       0.273387
 17.400000       0.036372       0.264520
 17.410000       0.038970       0.254999
 17.420000       0.041470       0.244848
 17.430000       0.043865       0.234093
 17.440000       0.046150       0.222760
 17.450000       0.048318       0.210879
 17.460000       0.050366       0.198478
 17.470000       0.052286       0.185588
 17.480000       0.054076       0.172242
 17.490000       0.055730       0.158473
 17.500000       0.057244       0.144314
 17.510000       0.058615       0.129800
 17.520000       0.059839       0.114968
 17.530000       0.060913       0.099853
 17.540000       0.061835       0.084494
 17.550000       0.062602       0.068927
 17.560000       0.063213       0.053191
 17.570000       0.063666       0.037325
 17.580000       0.063959       0.021367
 17.590000       0.064093       0.005357
 17.600000       0.064066      -0.010667
 17.610000       0.063880      -0.026663
 17.620000       0.063533      -0.042591
 17.630000       0.063028      -0.058410
 17.640000       0.062366      -0.074081
 17.650000       0.061547      -0.089564
 17.660000       0.060575      -0.104818
 17.670000       0.059452      -0.119806
 17.680000       0.058180      -0.134488
 17.690000       0.056763      -0.148829
 17.700000       0.055205      -0.162792
 17.710000       0.053509      -0.176340
 17.720000       0.051679      -0.189441
 17.730000       0.049722      -0.202062
 17.740000       0.047640      -0.214169
 17.750000       0.045440      -0.225734
 17.760000       0.043127      -0.236727
 17.770000       0.040707      -0.247121
 17.780000       0.038187      -0.256889
 17.790000       0.035572      -0.266008
 17.800000       0.032869      -0.274456
 17.810000       0.030085      -0.282210
 17.820000       0.027227      -0.289253
 17.830000       0.024302      -0.295567
 17.840000       0.021318      -0.301137
 17.850000       0.018282      -0.305950
 17.860000       0.015202      -0.309994
 17.870000       0.012085      -0.313260
 17.880000       0.008939      -0.315740
 17.890000       0.005773      -0.317429
 17.900000       0.002593      -0.318323
 17.910000      -0.000591      -0.318422
 17.920000      -0.003773      -0.317724
 17.930000      -0.006943      -0.316234
 17.940000      -0.010095      -0.313954
 17.950000      -0.013219      -0.310893
 17.960000      -0.016310      -0.307058
 17.970000      -0.019358      -0.302459
 17.980000      -0.022357      -0.297109
 17.990000      -0.025298      -0.291021
 18.000000      -0.028175      -0.284211
 18.010000      -0.030980      -0.276697
 18.020000      -0.033706      -0.268499
 18.030000      -0.036347      -0.259635
 18.040000      -0.038897      -0.250130
 18.050000      -0.041348      -0.240008
 18.060000      -0.043695      -0.229292
 18.070000      -0.045932      -0.218011
 18.080000      -0.048053      -0.206193
 18.090000      -0.050054      -0.193867
 18.100000      -0.051929      -0.181064
 18.110000      -0.053674      -0.167815
 18.120000      -0.055284      -0.154154
 18.130000      -0.056756      -0.140113
 18.140000      -0.058085      -0.125729
 18.150000      -0.059269      -0.111035
 18.160000      -0.060305      -0.096069
 18.170000      -0.061190      -0.080867
 18.180000      -0.061922      -0.065467
 18.190000      -0.062499      -0.049906
 18.200000      -0.062919      -0.034223
 18.210000      -0.063183      -0.018456
 18.220000      -0.063288      -0.002644
 18.230000      -0.063236       0.013175
 18.240000      -0.063025       0.028960
 18.250000      -0.062657       0.044672
 18.260000      -0.062132       0.060269
 18.270000      -0.061452       0.075714
 18.280000      -0.060618       0.090965
 18.290000      -0.059633       0.105985
 18.300000      -0.058499       0.120735
 18.310000      -0.057220       0.135179
 18.320000      -0.055797       0.149278
 18.330000      -0.054235       0.162999
 18.340000      -0.052538       0.176305
 18.350000      -0.050711       0.189164
 18.360000      -0.048757       0.201542
 18.370000      -0.046682       0.213410
 18.380000      -0.044490       0.224737
 18.390000      -0.042189       0.235494
 18.400000      -0.039782       0.245656
 18.410000      -0.037278       0.255196
 18.420000      -0.034681       0.264092
 18.430000      -0.031998       0.272321
 18.440000      -0.029237       0.279862
 18.450000      -0.026403       0.286698
 18.460000      -0.023505       0.292812
 18.470000      -0.020549       0.298189
 18.480000      -0.017544       0.302816
 18.490000      -0.014496       0.306682
 18.500000      -0.011413       0.309779
 18.510000      -0.008303       0.312099
 18.520000      -0.005173       0.313637
 18.530000      -0.002033       0.314389
 18.540000       0.001112       0.314356
 18.550000       0.004252       0.313538
 18.560000       0.007380       0.311937
 18.570000       0.010488       0.309558
 18.580000       0.013569       0.306408
 18.590000       0.016614       0.302495
 18.600000       0.019616       0.297830
 18.610000       0.022568       0.292425
 18.620000       0.025462       0.286294
 18.630000       0.028291       0.279454
 18.640000       0.031049       0.271921
 18.650000       0.033728       0.263714
 18.660000       0.036321       0.254855
 18.670000       0.038823       0.245367
 18.680000       0.041226       0.235272
 18.690000       0.043526       0.224596
 18.700000       0.045716       0.213367
 18.710000       0.047792       0.201611
 18.720000       0.049747       0.189359
 18.730000       0.051577       0.176640
 18.740000       0.053278       0.163487
 18.750000       0.054846       0.149932
 18.760000       0.056276       0.136008
 18.770000       0.057565       0.121750
 18.780000       0.058710       0.107193
 18.790000       0.059708       0.092373
 18.800000       0.060556       0.077326
 18.810000       0.061254       0.062089
 18.820000       0.061798       0.046700
 18.830000       0.062187       0.031197
 18.840000       0.062421       0.015616
 18.850000       0.062499      -0.000002
 18.860000       0.062421      -0.015620
 18.870000       0.062187      -0.031199
 18.880000       0.061798      -0.046698
 18.890000       0.061254      -0.062078
 18.900000       0.060557      -0.077300
 18.910000       0.059708      -0.092325
 18.920000       0.058711      -0.107116
 18.930000       0.057567      -0.121634
 18.940000       0.056279      -0.135843
 18.950000       0.054851      -0.149706
 18.960000       0.053286      -0.163190
 18.970000       0.051589      -0.176258
 18.980000       0.049763      -0.188880
 18.990000       0.047813      -0.201022
 19.000000       0.045744      -0.212655
 19.010000       0.043561      -0.223749
 19.020000       0.041271      -0.234277
 19.030000       0.038878      -0.244211
 19.040000       0.036389      -0.253529
 19.050000       0.033809      -0.262205
 19.060000       0.031147      -0.270220
 19.070000       0.028407      -0.277553
 19.080000       0.025598      -0.284187
 19.090000       0.022726      -0.290105
 19.100000       0.019798      -0.295293
 19.110000       0.016823      -0.299739
 19.120000       0.013806      -0.303432
 19.130000       0.010756      -0.306363
 19.140000       0.007681      -0.308526
 19.150000       0.004588      -0.309917
 19.160000       0.001486      -0.310532
 19.170000      -0.001620      -0.310371
 19.180000      -0.004719      -0.309434
 19.190000      -0.007806      -0.307725
 19.200000      -0.010871      -0.305249
 19.210000      -0.013908      -0.302013
 19.220000      -0.016909      -0.298024
 19.230000      -0.019866      -0.293295
 19.240000      -0.022772      -0.287838
 19.250000      -0.025620      -0.281666
 19.260000      -0.028403      -0.274795
 19.270000      -0.031114      -0.267244
 19.280000      -0.033746      -0.259030
 19.290000      -0.036293      -0.250177
 19.300000      -0.038748      -0.240704
 19.310000      -0.041105      -0.230637
 19.320000      -0.043358      -0.220001
 19.330000      -0.045503      -0.208822
 19.340000      -0.047533      -0.197128
 19.350000      -0.049444      -0.184949
 19.360000      -0.051231      -0.172314
 19.370000      -0.052889      -0.159255
 19.380000      -0.054414      -0.145804
 19.390000      -0.055804      -0.131995
 19.400000      -0.057053      -0.117862
 19.410000      -0.058160      -0.103439
 19.420000      -0.059121      -0.088762
 19.430000      -0.059934      -0.073867
 19.440000      -0.060598      -0.058790
 19.450000      -0.061110      -0.043570
 19.460000      -0.061469      -0.028242
 19.470000      -0.061674      -0.012846
 19.480000      -0.061726       0.002583
 19.490000      -0.061623       0.018004
 19.500000      -0.061366       0.033380
 19.510000      -0.060955       0.048671
 19.520000      -0.060393       0.063838
 19.530000      -0.059679       0.078842
 19.540000      -0.058817       0.093646
 19.550000      -0.057807       0.108212
 19.560000      -0.056653       0.122502
 19.570000      -0.055358       0.136481
 19.580000      -0.053925       0.150114
 19.590000      -0.052357       0.163365
 19.600000      -0.050659       0.176201
 19.610000      -0.048834       0.188590
 19.620000      -0.046889       0.200501
 19.630000      -0.044826       0.211904
 19.640000      -0.042652       0.222771
 19.650000      -0.040373       0.233073
 19.660000      -0.037993       0.242786
 19.670000      -0.035519       0.251885
 19.680000      -0.032957       0.260348
 19.690000      -0.030314       0.268153
 19.700000      -0.027596       0.275283
 19.710000      -0.024811       0.281719
 19.720000      -0.021964       0.287445
 19.730000      -0.019064       0.292449
 19.740000      -0.016118       0.296717
 19.750000      -0.013133       0.300240
 19.760000      -0.010116       0.303011
 19.770000      -0.007075       0.305021
 19.780000      -0.004018       0.306268
 19.790000      -0.000952       0.306748
 19.800000       0.002115       0.306462
 19.810000       0.005175       0.305410
 19.820000       0.008220       0.303596
 19.830000       0.011244       0.301025
 19.840000       0.014238       0.297705
 19.850000       0.017196       0.293643
 19.860000       0.020109       0.288852
 19.870000       0.022970       0.283343
 19.880000       0.025773       0.277131
 19.890000       0.028511       0.270232
 19.900000       0.031176       0.262663
 19.910000       0.033762       0.254444
 19.920000       0.036262       0.245595
 19.930000       0.038672       0.236139
 19.940000       0.040983       0.226100
 19.950000       0.043192       0.215503
 19.960000       0.045292       0.204374
 19.970000       0.047278       0.192741
 19.980000       0.049145       0.180634
 19.990000       0.050889       0.168081
